Compagnia_Aerea,Fascia_Oraria,P25,P50,P75,P90
AA,0,-6.72,-3.65,0.96,20.88
AA,1,-8.64,-5.64,0.75,10.93
AA,5,-7.86,-5.08,-1.57,10.54
AA,6,-7.39,-4.68,-1.3,10.81
AA,7,-6.79,-4.09,-0.53,16.02
AA,8,-6.0,-3.34,0.84,25.54
AA,9,-5.57,-2.75,3.13,29.48
AA,10,-5.24,-2.1,6.82,37.74
AA,11,-5.14,-1.98,7.82,40.5
AA,12,-4.8,-1.14,12.06,50.44
AA,13,-5.0,-1.49,11.28,49.8
AA,14,-4.92,-1.23,13.43,53.69
AA,15,-5.0,-0.94,16.7,60.04
AA,16,-4.85,-0.94,15.35,57.52
AA,17,-5.19,-0.9,17.85,62.49
AA,18,-4.58,-0.23,19.22,62.61
AA,19,-5.23,-0.16,23.14,69.81
AA,20,-4.42,-0.01,19.16,56.21
AA,21,-4.53,-0.34,18.42,57.7
AA,22,-5.37,-1.49,13.3,45.93
AA,23,-6.15,-2.17,6.74,33.37
DL,0,-10.24,-5.88,0.74,22.07
DL,1,-10.27,-6.52,-0.82,24.8
DL,3,-4.0,-3.0,-2.0,-1.1
DL,5,-8.48,-5.28,-1.26,8.54
DL,6,-7.98,-4.74,-0.77,8.91
DL,7,-6.89,-3.85,0.11,14.01
DL,8,-6.53,-3.71,0.56,19.02
DL,9,-6.22,-3.16,2.62,25.63
DL,10,-6.69,-3.27,3.95,30.43
DL,11,-6.13,-2.48,6.59,35.26
DL,12,-6.3,-2.49,7.54,38.09
DL,13,-6.37,-2.43,8.53,42.59
DL,14,-5.82,-1.81,10.37,44.67
DL,15,-5.46,-1.27,12.89,49.7
DL,16,-5.72,-1.32,13.47,48.72
DL,17,-6.94,-2.37,11.01,48.56
DL,18,-6.24,-1.35,15.77,56.47
DL,19,-6.25,-1.08,17.98,63.72
DL,20,-5.74,-1.27,16.46,57.14
DL,21,-5.66,-1.68,11.84,45.99
DL,22,-5.86,-2.18,8.03,38.94
DL,23,-6.72,-2.58,5.84,30.57
UA,0,-7.24,-3.46,3.12,23.93
UA,1,-7.33,-1.6,12.08,47.6
UA,2,-8.95,-6.75,2.71,30.5
UA,5,-8.09,-5.56,-1.99,5.06
UA,6,-8.09,-5.43,-1.9,6.76
UA,7,-7.55,-4.9,-1.53,9.35
UA,8,-7.07,-4.32,-0.57,14.0
UA,9,-6.29,-3.11,2.65,24.39
UA,10,-6.45,-3.26,2.73,27.56
UA,11,-5.89,-2.49,5.11,30.83
UA,12,-6.31,-2.97,3.84,30.84
UA,13,-6.17,-2.63,5.8,36.17
UA,14,-6.29,-2.49,7.55,46.99
UA,15,-6.1,-2.03,8.95,46.94
UA,16,-6.03,-2.03,8.89,50.7
UA,17,-5.54,-1.47,10.0,48.98
UA,18,-5.71,-1.51,11.47,53.87
UA,19,-5.7,-0.72,13.94,54.65
UA,20,-5.26,0.03,18.09,60.43
UA,21,-6.52,-2.2,11.83,47.59
UA,22,-6.62,-2.88,5.06,26.21
UA,23,-7.94,-4.09,3.05,23.16
WN,5,-5.26,-3.19,-0.66,3.99
WN,6,-5.47,-3.44,-0.81,4.5
WN,7,-5.39,-3.18,-0.25,7.91
WN,8,-4.88,-2.39,1.11,13.1
WN,9,-4.51,-1.7,3.4,17.93
WN,10,-4.44,-1.34,5.09,20.98
WN,11,-4.28,-0.87,6.99,26.91
WN,12,-4.1,-0.42,9.27,30.0
WN,13,-3.83,0.05,10.96,34.74
WN,14,-3.7,0.62,13.61,38.52
WN,15,-3.66,1.07,15.62,43.71
WN,16,-3.75,1.09,16.22,45.66
WN,17,-3.69,1.96,18.57,50.12
WN,18,-4.18,0.82,17.71,49.55
WN,19,-4.5,0.74,19.39,55.16
WN,20,-4.59,0.84,19.6,53.95
WN,21,-4.3,2.54,24.31,62.96
WN,22,-3.69,4.3,27.01,64.01
WN,23,-4.13,-0.71,6.35,18.82
